





waited result:
0  1  2  3  4  5  6  7  8  9  a  b  
m  a  r     t  i  r  r  e  n  o  _[11]
6d 61 72 20 74 69 72 72 65 6e 6f 00
   6 d       6 1       7 2       2 0        74       6 9       7 2       7 2       6 5       6 e       6 f 
0110 1101 0110 0001 0111 0010 0010 0000 0111 0100 0110 1001 0111 0010 0111 0010 0110 0101 0110 1110 0110 1111

----
28ad3000       str:0890 0002 -> start from 0898, before start there no 00: 
0898 0500 0898 0500
0000 1000 1001 1000 0000 0101 
28ad 35a0(str*2)
00 mask?
 44 c4 01  86 08 60 86 08 60 86 08 60 fb
   4 4       c 4          0 1       8 6        0 8       6 0         8 6        0 8       6 0         8 6        0 8       6 0        f b
0100 0100 1100 0100 000---0 0001 1000 0110  0000 1000  0110 0000  1000 0110  0000 1000  0110 0000  1000 0110  0000 1000  0110 0000 1111 1011
 0898          |8  0         |  6  | 1 | 8   |2 

aftermask
fb 43 41 68 cc 6d 77 0c 01 00
   f b       4 3       4 1       6 8       c c       6 d      77         0 c       0 1     00
1111 1011 0100 0011 0100 0001 0110 1000 1100 1100 0110 1101 0111 0111 0000 1100 0000 0001


after dozen
c4 c4 16 01 12 22 54 4c 
   c 4        c 4      1 6       0 1       1 2       2 2       5 4       4 c
1100 0100 1100 0100 0001 0110 0000 0001 0001 0010 0010 0010 0101 0100 0100 1100  
 1000 1001 1000 
 0898            8      5     8 0     4     4   8     8    9   5    1     3
 
-----------------------------------------------------------------------------
28ad 5800 str: 089c 0005 -> start 08b0 0500 :::: 0000 1000 1011 0000 0000 0101
08b0 0500 08b0 0500 08b0 0500 08b0 0500 08b0 0500 
28ad 5d80 (str*5)
mask?
b0 8b b0 c1 0c 10 c1 0c 10 c1 0c 10 c1 0c 1f 68
   b 0       8 b       b 
1011 0000 1000 1011 1011 
---0       c 1       0 c       1 0       c 1       0 c       1 0       c 1       0 c       1 0       c 1       0 c       1 f     68
---0000 1100 0001 0000 1100 0001 0000 1100 0001 0000 1100 0001 0000 1100 0001 0000 1100 0001 0000 1100 0001 0000 1100 0001 1111
      1   8    2
    0001 1000 0010 0001 1000 0010 0001 1000 0010 0001 1000 0010 0001 1000 0010 0001 1000 0010 0001 1000 0010 0001 1000 0011 111
0c1 -< 182 -< 304 -< 608 -< c10

aftermask
1f 68 68 2d 19 8d ae e1 80 20
   1 f       6 8       6 8       2 d       1 9       8 d       a e       e 1       8 0       2 0
0001 1111 0110 1000 0110 1000 0010 1101 0001 1001 1000 1101 1010 1110 1110 0001 1000 0000 0010 0000

after 16*00
18 b0 82 c0 00 11 3a 28 45 28 a9 15 a2 c0
   1 8       b 0       8 2       c 0       0 0       1 1       3 a       2 8       4 5       2 8       a 9       1 5       a 2       c 0
0001 1000 1011 0000 1000 0010 1100 0000 0000 0000 0001 0001 0011 1010 0010 1000 0100 0101 0010 1000 1010 1001 0001 0101 1010 0010 1100 0000
0000 1000 1011 0000
1b 8b0 1b 05 1b 00 00 

waited result:
1  2  3  4  5  6  7  8  9  a  b  c
m  a  r     t  i  r  r  e  n  o  _[11]
6d 61 72 20 74 69 72 72 65 6e 6f 00
   6 d       6 1       7 2       2 0        74       6 9       7 2       7 2       6 5       6 e       6 f 
0110 1101 0110 0001 0111 0010 0010 0000 0111 0100 0110 1001 0111 0010 0111 0010 0110 0101 0110 1110 0110 1111
011011010110000101110010001000000111010001101001
